Data obtained by running 
XCOM: MLC from W700MLC.pegs4inp
Then deleting lines corresponding to L, M, K lines.....

Constituents (Atomic Number : Fraction by Weight)

 Z=26   : 0.020000
 Z=28   : 0.060000
 Z=29   : 0.020000
 Z=74   : 0.900000

       PHOTON      SCATTERING      PHOTO-    PAIR PRODUCTION  TOTAL ATTENUATION
       ENERGY   COHERENT INCOHER. ELECTRIC    IN       IN       WITH   WITHOUT
                                 ABSORPTION NUCLEAR ELECTRON  COHERENT COHERENT
                                             FIELD    FIELD    SCATT.   SCATT.
        (MeV)    (cm2/g)  (cm2/g)  (cm2/g)  (cm2/g)  (cm2/g)  (cm2/g)  (cm2/g)

       1.000E-03 1.08E+01 4.67E-03 4.29E+03 0.00E+00 0.00E+00 4.30E+03 4.29E+03
       1.004E-03 1.08E+01 4.70E-03 4.25E+03 0.00E+00 0.00E+00 4.26E+03 4.25E+03
       1.008E-03 1.08E+01 4.72E-03 4.22E+03 0.00E+00 0.00E+00 4.23E+03 4.22E+03

       1.051E-03 1.07E+01 5.01E-03 3.93E+03 0.00E+00 0.00E+00 3.94E+03 3.93E+03
       1.096E-03 1.07E+01 5.32E-03 3.60E+03 0.00E+00 0.00E+00 3.61E+03 3.60E+03

       1.500E-03 1.03E+01 8.12E-03 1.88E+03 0.00E+00 0.00E+00 1.89E+03 1.88E+03
       1.809E-03 1.00E+01 1.02E-02 1.24E+03 0.00E+00 0.00E+00 1.25E+03 1.24E+03

       1.840E-03 9.99E+00 1.04E-02 1.98E+03 0.00E+00 0.00E+00 1.99E+03 1.98E+03
       1.872E-03 9.96E+00 1.06E-02 2.80E+03 0.00E+00 0.00E+00 2.81E+03 2.80E+03

       2.000E-03 9.82E+00 1.14E-02 3.72E+03 0.00E+00 0.00E+00 3.73E+03 3.72E+03
       2.281E-03 9.53E+00 1.32E-02 2.68E+03 0.00E+00 0.00E+00 2.69E+03 2.68E+03

       2.423E-03 9.38E+00 1.41E-02 2.66E+03 0.00E+00 0.00E+00 2.67E+03 2.66E+03
       2.575E-03 9.24E+00 1.50E-02 2.29E+03 0.00E+00 0.00E+00 2.30E+03 2.29E+03

       2.694E-03 9.11E+00 1.58E-02 2.19E+03 0.00E+00 0.00E+00 2.20E+03 2.19E+03
       2.820E-03 8.99E+00 1.65E-02 1.97E+03 0.00E+00 0.00E+00 1.97E+03 1.97E+03

       3.000E-03 8.80E+00 1.77E-02 1.77E+03 0.00E+00 0.00E+00 1.78E+03 1.77E+03
       4.000E-03 7.85E+00 2.36E-02 8.85E+02 0.00E+00 0.00E+00 8.92E+02 8.85E+02
       5.000E-03 7.01E+00 2.92E-02 5.08E+02 0.00E+00 0.00E+00 5.15E+02 5.08E+02
       6.000E-03 6.26E+00 3.45E-02 3.20E+02 0.00E+00 0.00E+00 3.27E+02 3.20E+02
       7.112E-03 5.55E+00 3.98E-02 2.07E+02 0.00E+00 0.00E+00 2.13E+02 2.07E+02

       8.000E-03 5.05E+00 4.37E-02 1.59E+02 0.00E+00 0.00E+00 1.64E+02 1.59E+02
       8.333E-03 4.88E+00 4.51E-02 1.43E+02 0.00E+00 0.00E+00 1.47E+02 1.43E+02

       8.650E-03 4.73E+00 4.64E-02 1.45E+02 0.00E+00 0.00E+00 1.50E+02 1.45E+02
       8.979E-03 4.57E+00 4.76E-02 1.32E+02 0.00E+00 0.00E+00 1.36E+02 1.32E+02

       1.000E-02 4.14E+00 5.14E-02 1.03E+02 0.00E+00 0.00E+00 1.07E+02 1.03E+02
       1.021E-02 4.06E+00 5.21E-02 9.79E+01 0.00E+00 0.00E+00 1.02E+02 9.80E+01

       1.085E-02 3.82E+00 5.43E-02 1.91E+02 0.00E+00 0.00E+00 1.95E+02 1.91E+02
       1.154E-02 3.59E+00 5.65E-02 1.62E+02 0.00E+00 0.00E+00 1.66E+02 1.62E+02

       1.182E-02 3.50E+00 5.74E-02 2.06E+02 0.00E+00 0.00E+00 2.10E+02 2.06E+02
       1.210E-02 3.42E+00 5.82E-02 1.95E+02 0.00E+00 0.00E+00 1.98E+02 1.95E+02

       1.500E-02 2.68E+00 6.61E-02 1.29E+02 0.00E+00 0.00E+00 1.32E+02 1.29E+02
       2.000E-02 1.89E+00 7.67E-02 6.03E+01 0.00E+00 0.00E+00 6.23E+01 6.04E+01
       3.000E-02 1.12E+00 9.06E-02 2.03E+01 0.00E+00 0.00E+00 2.15E+01 2.03E+01
       4.000E-02 7.35E-01 9.82E-02 9.21E+00 0.00E+00 0.00E+00 1.00E+01 9.31E+00
       5.000E-02 5.19E-01 1.02E-01 4.97E+00 0.00E+00 0.00E+00 5.59E+00 5.08E+00
       6.000E-02 3.89E-01 1.04E-01 2.99E+00 0.00E+00 0.00E+00 3.49E+00 3.10E+00
       6.953E-02 3.07E-01 1.05E-01 1.98E+00 0.00E+00 0.00E+00 2.40E+00 2.09E+00

       8.000E-02 2.44E-01 1.06E-01 6.75E+00 0.00E+00 0.00E+00 7.10E+00 6.85E+00
       1.000E-01 1.68E-01 1.05E-01 3.76E+00 0.00E+00 0.00E+00 4.04E+00 3.87E+00
       1.500E-01 8.19E-02 9.97E-02 1.26E+00 0.00E+00 0.00E+00 1.44E+00 1.36E+00
       2.000E-01 4.88E-02 9.39E-02 5.79E-01 0.00E+00 0.00E+00 7.22E-01 6.73E-01
       3.000E-01 2.31E-02 8.38E-02 1.96E-01 0.00E+00 0.00E+00 3.03E-01 2.80E-01
       4.000E-01 1.35E-02 7.60E-02 9.34E-02 0.00E+00 0.00E+00 1.83E-01 1.69E-01
       5.000E-01 8.78E-03 6.99E-02 5.39E-02 0.00E+00 0.00E+00 1.33E-01 1.24E-01
       6.000E-01 6.18E-03 6.50E-02 3.50E-02 0.00E+00 0.00E+00 1.06E-01 1.00E-01
       8.000E-01 3.53E-03 5.74E-02 1.85E-02 0.00E+00 0.00E+00 7.94E-02 7.59E-02
       1.000E+00 2.28E-03 5.18E-02 1.16E-02 0.00E+00 0.00E+00 6.56E-02 6.34E-02
       1.022E+00 2.18E-03 5.12E-02 1.11E-02 0.00E+00 0.00E+00 6.45E-02 6.23E-02
       1.250E+00 1.47E-03 4.64E-02 7.48E-03 2.98E-04 0.00E+00 5.56E-02 5.41E-02
       1.500E+00 1.02E-03 4.22E-02 5.34E-03 1.40E-03 0.00E+00 4.99E-02 4.89E-02
       2.000E+00 5.79E-04 3.60E-02 3.23E-03 4.36E-03 0.00E+00 4.42E-02 4.36E-02
       2.044E+00 5.54E-04 3.56E-02 3.12E-03 4.63E-03 0.00E+00 4.39E-02 4.34E-02
       3.000E+00 2.58E-04 2.84E-02 1.69E-03 1.00E-02 9.92E-06 4.04E-02 4.01E-02
       4.000E+00 1.45E-04 2.37E-02 1.11E-03 1.47E-02 4.05E-05 3.97E-02 3.96E-02
       5.000E+00 9.31E-05 2.05E-02 8.17E-04 1.87E-02 8.05E-05 4.02E-02 4.01E-02
       6.000E+00 6.47E-05 1.81E-02 6.42E-04 2.21E-02 1.23E-04 4.11E-02 4.10E-02
       7.000E+00 4.75E-05 1.63E-02 5.26E-04 2.52E-02 1.66E-04 4.22E-02 4.21E-02
       8.000E+00 3.64E-05 1.48E-02 4.45E-04 2.79E-02 2.07E-04 4.34E-02 4.33E-02
       9.000E+00 2.88E-05 1.36E-02 3.85E-04 3.03E-02 2.47E-04 4.46E-02 4.46E-02
       1.000E+01 2.33E-05 1.26E-02 3.39E-04 3.26E-02 2.84E-04 4.59E-02 4.58E-02
       1.100E+01 1.93E-05 1.18E-02 3.02E-04 3.47E-02 3.20E-04 4.71E-02 4.71E-02
       1.200E+01 1.62E-05 1.10E-02 2.73E-04 3.67E-02 3.53E-04 4.83E-02 4.83E-02
       1.300E+01 1.38E-05 1.04E-02 2.49E-04 3.85E-02 3.84E-04 4.95E-02 4.95E-02
       1.400E+01 1.19E-05 9.83E-03 2.28E-04 4.02E-02 4.14E-04 5.07E-02 5.06E-02
       1.500E+01 1.04E-05 9.33E-03 2.11E-04 4.17E-02 4.42E-04 5.17E-02 5.17E-02
       1.600E+01 9.10E-06 8.89E-03 1.96E-04 4.32E-02 4.69E-04 5.28E-02 5.28E-02
       1.800E+01 7.19E-06 8.12E-03 1.72E-04 4.59E-02 5.19E-04 5.47E-02 5.47E-02
       2.000E+01 5.82E-06 7.49E-03 1.53E-04 4.82E-02 5.63E-04 5.64E-02 5.64E-02
       2.200E+01 4.81E-06 6.96E-03 1.37E-04 5.04E-02 6.05E-04 5.81E-02 5.81E-02
       2.400E+01 4.05E-06 6.50E-03 1.25E-04 5.24E-02 6.42E-04 5.96E-02 5.96E-02
       2.600E+01 3.45E-06 6.11E-03 1.14E-04 5.41E-02 6.77E-04 6.10E-02 6.10E-02
       2.800E+01 2.97E-06 5.76E-03 1.06E-04 5.58E-02 7.09E-04 6.24E-02 6.24E-02
       3.000E+01 2.59E-06 5.45E-03 9.80E-05 5.73E-02 7.39E-04 6.36E-02 6.36E-02
       4.000E+01 1.46E-06 4.33E-03 7.22E-05 6.34E-02 8.62E-04 6.87E-02 6.87E-02
       5.000E+01 9.32E-07 3.62E-03 5.71E-05 6.80E-02 9.54E-04 7.27E-02 7.27E-02
       6.000E+01 6.47E-07 3.12E-03 4.72E-05 7.16E-02 1.03E-03 7.58E-02 7.58E-02
       8.000E+01 3.64E-07 2.46E-03 3.50E-05 7.68E-02 1.14E-03 8.05E-02 8.05E-02
       1.000E+02 2.33E-07 2.04E-03 2.79E-05 8.05E-02 1.22E-03 8.38E-02 8.38E-02
       1.500E+02 1.04E-07 1.45E-03 1.84E-05 8.64E-02 1.35E-03 8.92E-02 8.92E-02
       2.000E+02 5.82E-08 1.14E-03 1.38E-05 8.98E-02 1.43E-03 9.24E-02 9.24E-02
       3.000E+02 2.59E-08 8.07E-04 9.14E-06 9.38E-02 1.52E-03 9.62E-02 9.62E-02
       4.000E+02 1.46E-08 6.32E-04 6.85E-06 9.62E-02 1.58E-03 9.84E-02 9.84E-02
       5.000E+02 9.32E-09 5.23E-04 5.47E-06 9.77E-02 1.62E-03 9.98E-02 9.98E-02
       6.000E+02 6.47E-09 4.48E-04 4.55E-06 9.87E-02 1.65E-03 1.01E-01 1.01E-01
       8.000E+02 3.64E-09 3.50E-04 3.41E-06 1.00E-01 1.69E-03 1.02E-01 1.02E-01
       1.000E+03 2.33E-09 2.88E-04 2.73E-06 1.01E-01 1.72E-03 1.03E-01 1.03E-01
       1.500E+03 1.04E-09 2.01E-04 1.82E-06 1.02E-01 1.76E-03 1.04E-01 1.04E-01
       2.000E+03 5.82E-10 1.56E-04 1.36E-06 1.03E-01 1.78E-03 1.05E-01 1.05E-01
       3.000E+03 2.59E-10 1.08E-04 9.08E-07 1.04E-01 1.80E-03 1.06E-01 1.06E-01
       4.000E+03 1.46E-10 8.35E-05 6.81E-07 1.04E-01 1.82E-03 1.06E-01 1.06E-01
       5.000E+03 9.32E-11 6.83E-05 5.44E-07 1.05E-01 1.83E-03 1.07E-01 1.07E-01
       6.000E+03 6.47E-11 5.79E-05 4.54E-07 1.05E-01 1.83E-03 1.07E-01 1.07E-01
       8.000E+03 3.64E-11 4.46E-05 3.40E-07 1.05E-01 1.84E-03 1.07E-01 1.07E-01
       1.000E+04 2.33E-11 3.64E-05 2.72E-07 1.05E-01 1.85E-03 1.07E-01 1.07E-01
       1.500E+04 1.04E-11 2.52E-05 1.81E-07 1.05E-01 1.85E-03 1.07E-01 1.07E-01
       2.000E+04 5.82E-12 1.94E-05 1.36E-07 1.06E-01 1.86E-03 1.07E-01 1.07E-01
       3.000E+04 2.59E-12 1.34E-05 9.07E-08 1.06E-01 1.86E-03 1.08E-01 1.08E-01
       4.000E+04 1.46E-12 1.02E-05 6.80E-08 1.06E-01 1.86E-03 1.08E-01 1.08E-01
       5.000E+04 9.32E-13 8.35E-06 5.44E-08 1.06E-01 1.87E-03 1.08E-01 1.08E-01
       6.000E+04 6.47E-13 7.06E-06 4.54E-08 1.06E-01 1.87E-03 1.08E-01 1.08E-01
       8.000E+04 3.64E-13 5.41E-06 3.40E-08 1.06E-01 1.87E-03 1.08E-01 1.08E-01
       1.000E+05 2.33E-13 4.40E-06 2.72E-08 1.06E-01 1.87E-03 1.08E-01 1.08E-01

  ------------------------------------------------------------------------
Return to selection page.
